0.8585376920565598
0.8067422476134863
0.7599664864757437
0.7175662554908532
0.6789994050591667
0.643806670860475
0.6115966651613348
0.5820339895901788
0.5548297419868209
0.5297338762162863
0.5065290084436551
0.4850253616613646
0.4650566127502769
0.4464764603132421
0.4291557720353825
0.4129802010000825
0.3978481837964854
0.3836692512486505
0.3703625965282731
0.357855856272362
0.3460840688467788
0.3349887806216187
0.3245172764644573
0.3146219149217695
0.3052595519825612
0.296391040081417
0.2879807912393646
0.2799963950674534
0.2724082838533123
0.2651894381806209
0.2583151275468452
0.2517626812864905
0.2455112858078612
0.239541804736726
0.2338366190510913
0.228379484704176
0.2231554055811733
0.2181505199304336
0.2133519986602802
0.2087479541060561
0.2043273580542792
0.200079967966836
0.1959962604821551
0.1920673713856179
0.1882850413409511
0.1846415667603846
0.1811297552658958
0.1777428852586144
0.1744746691697978
0.1713192200159158
0.1682710209232995
0.1653248973253763
0.1624759915684489
0.1597197396909071
0.1570518501662107
0.1544682844224251
0.1519652389708772
0.1495391289940118
0.1471865732580258
0.1449043802295958
0.1426895352882156
0.1405391889365108
0.1384506459205536
0.1364213551808165
0.1344489005620818
0.132530992217506
0.1306654586481726
0.1288502393249888
0.1270833778447097
0.1253630155763196
0.1236873857579853
0.1220548080083864
0.1204636832194599
0.1189124888005198
0.1173997742463395
0.115924157004167
0.1144843186167991
0.1130790011207856
0.1117070036806049
0.1103671794412561
0.1090584325831646
0.1077797155646258
0.1065300265382126
0.1053084069286682
0.1041139391608053
0.1029457445268417
0.1018029811834357
0.1006848422694423
0.09959055413610408
0.09851937468203092
0.09747059178589565
0.09644352183031407
0.09543750831086084
0.09445192052462267
0.09348615233310224
0.09253962099466488
0.09161176606206567
0.09070204834091812
0.08980994890525826
0.08893496816662914
0.0880766249933648
