0.845437149063344
0.8069350170016476
0.7711999868371372
0.7379643774529852
0.7069943588223087
0.678084493754386
0.65105334577889
0.6257399148262786
0.6020007209742121
0.5797073996029256
0.5587447032432253
0.5390088292827165
0.5204060106887837
0.5028513205591649
0.4862676517391114
0.4705848407599398
0.4557389115529733
0.4416714192154718
0.4283288778785761
0.4156622596968423
0.4036265543290908
0.392180380150929
0.3812856399367571
0.3709072149546125
0.3610126923934198
0.3515721218371441
0.3425577971514845
0.3339440606850276
0.3257071271310418
0.3178249247660905
0.3102769520914695
0.3030441481643024
0.2961087751257703
0.2894543116215623
0.2830653559698316
0.2769275380694262
0.2710274391595457
0.2653525186444028
0.2598910472853594
0.2546320461404453
0.249565230698847
0.2446809597172593
0.2399701883171509
0.2354244249479374
0.2310356918616528
0.2267964887806699
0.2226997594718982
0.2187388609692711
0.2149075352115725
0.2111998828852007
0.2076103392816101
0.204133651997189
0.2007648603194953
0.1974992761582642
0.1943324663926428
0.1912602365178112
0.1882786154847286
0.1853838416362436
0.1825723496514129
0.1798407584176337
0.1771858597572163
0.1746046079413762
0.1720941099303903
0.1696516162838769
0.1672745126899066
0.1649603120659449
0.1627066471885525
0.1605112638123199
0.1583720142417598
0.1562868513228302
0.1542538228234532
0.1522710661748563
0.1503368035477961
0.1484493372397822
0.1466070453512901
0.1448083777306623
0.143051852168968
0.1413360508275348
0.1396596168821714
0.1380212513693204
0.1364197102204829
0.1348538014722759
0.1333223826404236
0.1318243582468365
0.1303586774897318
0.1289243320474726
0.127520354007476
0.1261458139121597
0.1247998189144623
0.1234815110360084
0.1221900655214648
0.1209246892830879
0.1196846194298787
0.1184691218761391
0.1172774900245872
0.116109043519504
0.1149631270657034
0.1138391093093858
0.1127363817772055
0.111654357870118
0.1105924719088031
