0.8300840318412046
0.8096206060710339
0.7895378349526664
0.7698709228158944
0.7506478746126474
0.7318902821679317
0.7136140664982515
0.6958301718501666
0.6785452085577827
0.6617620432623722
0.6454803363437167
0.6296970275153455
0.614406771412916
0.5996023256615457
0.5852748943642839
0.5714144302373039
0.5580098987577479
0.545049507716266
0.5325209055047526
0.5204113513436992
0.508707860482513
0.4973973272060808
0.486466628264609
0.4759027091211018
0.4656926551893607
0.4558237500203543
0.446283522190038
0.437059782449653
0.4281406525215207
0.4195145867601257
0.4111703877498131
0.40309721677636
0.3952845999894695
0.3877224309659076
0.3804009702877422
0.3733108426659251
0.3664430320652462
0.3597888752216107
0.3533400538856299
0.3470885860768168
0.3410268165895049
0.3351474069540951
0.329443325024816
0.3239078343371811
0.3185344833542214
0.3133170946998606
0.3082497544600653
0.3033268016172266
0.2985428176703103
0.2938926164823394
0.2893712343874387
0.2849739205818431
0.2806961278166307
0.2765335034044252
0.2724818805476813
0.2685372699923436
0.2646958520075131
0.2609539686891806
0.2573081165839939
0.2537549396273612
0.2502912223888697
0.2469138836169787
0.2436199700741843
0.240406650653287
0.2372712107650118
0.2342110469870055
0.2312236619641083
0.2283066595497867
0.2254577401786894
0.2226746964604033
0.2199554089846902
0.2172978423286922
0.214700041256865
0.2121601271046701
0.2096762943373596
0.2072468072754982
0.2048699969791684
0.202544258283158
0.2002680469757034
0.19803987711372
0.1958583184677373
0.1937219940900766
0.1916295780000987
0.1895797929806472
0.1875714084800892
0.185603238614629
0.1836741402658294
0.1817830112685359
0.1799287886846184
0.17811044715821
0.1763269973483071
0.1745774844348331
0.1728609866944508
0.1711766141426175
0.1695235072385376
0.1679008356498633
0.1663077970741415
0.1647436161141689
0.1632075432045681
0.1616988535870299
0.1602168463318108
