0
0.785748905361455
1.57149781072291
2.357246716084365
3.14299562144582
3.928744526807275
4.71449343216873
5.500242337530186
6.28599124289164
7.071740148253095
7.85748905361455
8.643237958976005
9.42898686433746
10.21473576969892
11.00048467506037
11.78623358042183
12.57198248578328
13.35773139114474
14.14348029650619
14.92922920186765
15.7149781072291
16.50072701259056
17.28647591795201
18.07222482331347
18.85797372867492
19.64372263403638
20.42947153939783
21.21522044475929
22.00096935012074
22.7867182554822
23.57246716084365
24.35821606620511
25.14396497156656
25.92971387692802
26.71546278228947
27.50121168765093
28.28696059301238
29.07270949837384
29.85845840373529
30.64420730909675
31.4299562144582
32.21570511981966
33.00145402518111
33.78720293054256
34.57295183590402
35.35870074126548
36.14444964662693
36.93019855198839
37.71594745734984
38.50169636271129
39.28744526807275
40.07319417343421
40.85894307879566
41.64469198415712
42.43044088951857
43.21618979488003
44.00193870024149
44.78768760560294
45.5734365109644
46.35918541632584
47.1449343216873
47.93068322704875
48.71643213241021
49.50218103777167
50.28792994313312
51.07367884849457
51.85942775385602
52.64517665921748
53.43092556457893
54.21667446994039
55.00242337530185
55.7881722806633
56.57392118602476
57.35967009138621
58.14541899674767
58.93116790210912
59.71691680747058
60.50266571283204
61.28841461819349
62.07416352355495
62.8599124289164
63.64566133427786
64.43141023963932
65.21715914500076
66.00290805036222
66.78865695572368
67.57440586108513
68.36015476644658
69.14590367180804
69.9316525771695
70.71740148253096
71.5031503878924
72.28889929325386
73.07464819861531
73.86039710397677
74.64614600933822
75.43189491469968
76.21764382006114
77.00339272542259
77.78914163078404
78.5748905361455
